8,3
8,2
8,1
8,0
6,4
6,3
6,2
6,1
6,0
4,3
4,2
4,1
4,0
3,3
3,2
3,1
3,0
2,2
1,2
0,513
0,502
0,496
0,408
0,322
0,243
2,5
0,428
2,1
2,4
2,3
2,0
1,1
1,3
1,0
0,9
0,310
0,305
0,308
0,307
0,302
0,304
0,303
0,12
0,427
0,10
0,8
0,0
0,509
0,300
0,468
0,421
0,299
0,508
0,420
0,298
0,507
0,419
0,297
0,467
0,418
0,296
0,466
0,417
0,295
0,465
0,416
0,294
0,464
0,415
0,293
0,414
0,292
0,506
0,413
0,291
0,505
0,412
0,290
0,411
0,289
0,504
0,410
0,288
0,463
0,409
0,287
0,462
0,407
0,286
0,503
0,406
0,285
0,405
0,284
0,404
0,283
0,403
0,282
0,461
0,402
0,281
0,460
0,401
0,280
0,501
0,459
0,279
0,500
0,400
0,278
0,499
0,399
0,277
0,276
0,458
0,398
0,275
0,498
0,397
0,274
0,497
0,396
0,273
0,395
0,394
0,272
0,393
0,271
0,270
0,457
0,269
0,456
0,392
0,268
0,455
0,391
0,267
0,390
0,266
0,389
0,265
0,388
0,264
0,387
0,263
0,495
0,386
0,262
0,494
0,385
0,261
0,384
0,260
0,493
0,492
0,259
0,491
0,383
0,258
0,490
0,382
0,257
0,454
0,256
0,381
0,255
0,489
0,380
0,254
0,453
0,379
0,253
0,378
12,0
12,1
12,3
12,4
14,0
14,1
14,3
16,1
16,2
17,0
17,1
17,3
17,5
19,0
19,2
19,3
20,1
20,2
20,4
23,1
23,2
24,0
24,1
24,3
25,1
25,2
26,0
26,1
26,3
27,0
27,2
27,4
27,5
27,7
28,0
28,2
30,0
30,1
30,3
31,0
31,2
31,3
32,1
32,3
33,0
33,2
33,3
34,1
34,3
35,0
35,2
35,3
36,1
36,3
37,0
37,2
37,3
40,1
40,2
41,0
41,2
41,3
42,0
42,1
42,3
42,5
42,6
43,0
43,1
43,3
44,0
44,2
44,4
45,0
45,2
45,3
47,0
47,2
47,3
48,0
48,1
48,3
49,0
49,2
49,3
49,1
48,2
47,4
47,1
45,4
45,1
44,3
44,1
43,2
42,7
42,4
42,2
41,4
41,1
40,3
40,0
37,1
36,2
36,0
35,1
34,2
34,0
33,1
32,2
32,0
31,1
30,2
28,3
28,1
27,6
27,3
27,1
26,2
25,3
25,0
24,2
23,3
23,0
20,3
20,0
19,1
17,4
17,2
16,3
16,0
14,2
12,5
12,2
0,377
0,252
0,376
0,251
0,250
0,452
0,249
0,451
0,375
0,248
0,450
0,374
0,247
0,488
0,373
0,246
0,372
0,245
0,371
0,244
0,370
0,242
0,369
0,241
0,449
0,368
0,240
0,448
0,367
0,239
0,447
0,238
0,366
0,237
0,365
0,236
0,446
0,235
0,364
0,234
0,363
0,233
0,445
0,362
0,232
0,361
0,360
0,231
0,359
0,230
0,444
0,229
0,443
0,228
0,442
0,358
0,227
0,487
0,357
0,226
0,356
0,225
0,486
0,224
0,485
0,355
0,223
0,441
0,354
0,222
0,484
0,440
0,221
0,439
0,353
0,220
0,352
0,219
0,483
0,351
0,218
0,350
0,349
0,217
0,482
0,348
0,216
0,438
0,215
0,214
0,481
0,347
0,213
0,437
0,346
0,212
0,480
0,345
0,211
0,479
0,344
0,210
0,343
0,209
0,342
0,208
0,341
0,207
0,340
0,206
0,478
0,339
0,205
0,477
0,338
0,204
0,337
0,203
0,336
0,202
0,335
0,201
0,334
0,200
0,333
0,199
0,436
0,198
0,332
0,197
0,435
0,331
0,196
0,434
0,195
0,433
0,330
0,194
0,432
0,329
0,193
0,431
0,328
0,192
0,327
0,326
0,63
0,325
0,62
0,476
0,430
0,61
0,475
0,429
0,60
0,474
0,324
0,59
0,473
0,323
0,58
0,472
0,321
0,57
0,320
0,56
0,512
0,319
0,55
0,511
0,318
0,54
0,471
0,317
0,53
0,470
0,316
0,52
0,426
0,315
0,51
0,469
0,314
0,50
0,425
0,313
0,49
0,424
0,312
0,48
0,423
0,311
0,47
0,422
0,309
0,46
0,306
0,45
0,510
0,301
0,6
0,5
0,1
0,11
0,4
0,2
0,3
0,7
